1234567890123456
2345678901234561
3456789012345655
5678901234564564
4567890123456765

5307687064211132 
5239224153477847 
5420091643765100 
5397403750535789 
5300 0275 6511 6182 
5117-8682-4429-7775 
5578044695857663 
5569-7995-7614-3928 
5172419477953643 
5201-8987-9345-5984 


4716-7217-7531-3420 
4929-1756-3558-7405 
4716527752915156 
4532966443955712 
4485506707212843 
4245359137542608 
4539682801260685 
4482868295392228 
4539333949804345 
4139193015228660


4556560005818 
4716352283441 


378339545998193 
3499-1050-5026-773 


6011-8490-4104-3096 
6011506283697308 


30395714183926 
30280522058397 

8699-1237-6618-936 
869-9946-3710-3650 

